所有ave_deg值的信息熵分布数据
==================================================

数据说明:
- 行: 不同的alpha值
- 列: 每个alpha值对应的所有ave_deg的信息熵值列表
- 每个alpha值对应一个ave_deg列表，包含该alpha下所有ave_deg的信息熵

数据内容:
--------------------------------------------------
Alpha=0.00:
  信息熵值数量: 21
  信息熵值列表: [0.7198877288818359, 5.682789306640625, 5.887404500325521, 6.0734320149739585, 6.244078002929688, 6.39741650390625, 6.542850366210938, 6.678398583984375, 6.803729630533854, 6.920310791015625, 7.034159822591146, 5.576625782231017, 7.137868725585937, 3.021307694498698, 3.670734346516927, 7.08687214054747, 4.171406103515625, 4.574521915690104, 4.907844807942708, 5.202267822265625, 5.455094571940104]
  最小值: 0.719888
  最大值: 7.137869
  平均值: 5.513762
  中位数: 5.887405

Alpha=0.10:
  信息熵值数量: 21
  信息熵值列表: [0.7606939524332682, 5.711320076497396, 5.914832259114584, 6.100277913411459, 6.270018351236979, 6.4250565592447915, 6.569081648763021, 6.704188761393229, 6.829108959960937, 6.946895475260416, 7.058440413411458, 5.576625782231017, 7.162205395507812, 3.0564908935546873, 3.7027509073893228, 7.962520087859002, 4.199392960611979, 4.604503955078125, 4.940482861328125, 5.230661637369792, 5.485317179361979]
  最小值: 0.760694
  最大值: 7.962520
  平均值: 5.581470
  中位数: 5.914832

Alpha=0.20:
  信息熵值数量: 21
  信息熵值列表: [0.8015599324544271, 5.738272721354167, 5.941762410481771, 6.125734285481771, 6.295914624023437, 6.449177262369791, 6.594907438151042, 6.7288121988932295, 6.855159822591146, 6.972253255208333, 7.082889762369792, 5.617978085892886, 7.1868494140625, 3.0933077473958335, 3.7366665283203124, 8.520817187598118, 4.233544409179688, 4.633796720377604, 4.970589054361979, 5.2636124104817705, 5.515701350911458]
  最小值: 0.801560
  最大值: 8.520817
  平均值: 5.636157
  中位数: 5.941762

Alpha=0.30:
  信息熵值数量: 21
  信息熵值列表: [0.8415433797200521, 5.7665616943359375, 5.965981013997395, 6.152058471679688, 6.320555395507813, 6.47596416015625, 6.618324454752604, 6.7526596110026045, 6.8772257161458334, 6.993983658854167, 7.1035893961588545, 5.826317487166794, 7.2091185546875, 3.1267874959309894, 3.775702197265625, 8.949258395227677, 4.267040625, 4.664451066080729, 4.999479654947916, 5.2889255533854165, 5.54025859375]
  最小值: 0.841543
  最大值: 8.949258
  平均值: 5.691228
  中位数: 5.965981

Alpha=0.40:
  信息熵值数量: 21
  信息熵值列表: [0.8708460164388021, 5.790144205729167, 5.992877677408854, 6.17673447265625, 6.342953133138021, 6.4963846598307295, 6.639197347005208, 6.7734710856119795, 6.897151920572917, 7.013605615234375, 7.125122037760416, 6.086610146952395, 7.227861555989583, 3.1631074055989585, 3.804448498535156, 9.001540776792236, 4.296293660481771, 4.694622607421875, 5.027633251953125, 5.314706567382813, 5.566462255859375]
  最小值: 0.870846
  最大值: 9.001541
  平均值: 5.728656
  中位数: 6.086610

Alpha=0.50:
  信息熵值数量: 21
  信息熵值列表: [0.914884809366862, 5.814737508138021, 6.0162745930989585, 6.195998046875, 6.363304467773437, 6.5165435953776045, 6.658911515299479, 6.791432853190104, 6.915481372070312, 7.032192399088542, 7.142379638671875, 6.266143295595452, 7.244128564453125, 3.1969365966796874, 3.8366274576822916, 8.431852814659376, 4.330197705078125, 4.72021201171875, 5.057171671549479, 5.339577937825521, 5.591521215820313]
  最小值: 0.914885
  最大值: 8.431853
  平均值: 5.732215
  中位数: 6.195998

Alpha=0.60:
  信息熵值数量: 21
  信息熵值列表: [0.963692719523112, 5.835149194335938, 6.0335927571614585, 6.215843668619792, 6.3811873453776045, 6.534933837890625, 6.675426302083333, 6.8077244954427085, 6.930367749023437, 7.046580021158854, 7.154200927734375, 6.250652091268138, 7.258319995117187, 3.2373378743489583, 3.8735123942057292, 6.929123424820425, 4.353895979817708, 4.751489347330729, 5.078464510091146, 5.3648466796875, 5.6119106608072915]
  最小值: 0.963693
  最大值: 7.258320
  平均值: 5.680393
  中位数: 6.215844

Alpha=0.70:
  信息熵值数量: 21
  信息熵值列表: [0.9943429473876954, 5.851804858398437, 6.051540551757813, 6.231291373697917, 6.395739990234375, 6.548573453776042, 6.689071175130208, 6.820343986002604, 6.942242228190104, 7.057115193684896, 7.166296785481771, 5.9901312214823, 7.267869702148437, 3.268935302734375, 3.8990316731770833, 4.7190065676035235, 4.380665234375, 4.774266414388021, 5.100300089518229, 5.384865861002604, 5.633357332356771]
  最小值: 0.994343
  最大值: 7.267870
  平均值: 5.579371
  中位数: 5.990131

Alpha=0.80:
  信息熵值数量: 21
  信息熵值列表: [1.044630962117513, 5.867520686848958, 6.0643252197265625, 6.243581266276042, 6.408140584309896, 6.557385107421875, 6.6976850260416665, 6.828330721028646, 6.949478230794271, 7.0640173990885415, 7.171337027994792, 5.531479734943307, 7.272940804036458, 3.3009786010742186, 3.930767041015625, 2.497775844698044, 4.407734155273437, 4.7953645100911455, 5.122450602213542, 5.402518115234375, 5.649124584960937]
  最小值: 1.044631
  最大值: 7.272941
  平均值: 5.467027
  中位数: 5.867521

Alpha=0.90:
  信息熵值数量: 21
  信息熵值列表: [1.0941211639404298, 5.873260074869791, 6.069601586914063, 6.247111726888021, 6.409784220377604, 6.5590841064453125, 6.697934350585937, 6.8275914469401044, 6.948541365559896, 7.061465958658854, 7.168018570963541, 4.834264602483852, 7.268749462890625, 3.332496846516927, 3.950834794108073, 0.737508307877661, 4.428887736002604, 4.813980395507812, 5.135969344075521, 5.4128462565104165, 5.658275341796875]
  最小值: 0.737508
  最大值: 7.268749
  平均值: 5.358587
  中位数: 5.873260

Alpha=1.00:
  信息熵值数量: 21
  信息熵值列表: [1.1487460184733074, 5.865603548177083, 6.06098603515625, 6.235890372721355, 6.396541381835937, 6.5455162109375, 6.681377172851563, 6.809028499348958, 6.9298219482421874, 7.0411471761067705, 7.147729191080729, 3.6847552813379774, 7.247284692382813, 3.356298494466146, 3.9687750284830727, 0.12919406089497432, 4.438982576497396, 4.818911987304688, 5.137708536783854, 5.410670686848959, 5.653232902018229]
  最小值: 0.129194
  最大值: 7.247285
  平均值: 5.271819
  中位数: 5.865604

Alpha=1.10:
  信息熵值数量: 21
  信息熵值列表: [1.189119063313802, 5.827017179361979, 6.017028011067708, 6.190765673828125, 6.349554768880209, 6.495616943359375, 6.632225927734375, 6.759842179361979, 6.8778593017578125, 6.989372094726562, 7.093958935546875, 1.9675069289348832, 7.193247249348959, 3.363455871582031, 3.963191829427083, 0.01820420216638234, 4.421668766276042, 4.793574365234375, 5.10635869140625, 5.3764590087890625, 5.6139656412760415]
  最小值: 0.018204
  最大值: 7.193247
  平均值: 5.154285
  中位数: 5.827017

Alpha=1.20:
  信息熵值数量: 21
  信息熵值列表: [1.2128948608398438, 5.724745597330729, 5.913576774088542, 6.083774096679687, 6.240459977213542, 6.386198738606771, 6.520512540690104, 6.644427091471354, 6.764828898111979, 6.876003930664062, 6.980407332356771, 0.7257878665124866, 7.079200602213541, 3.3222021443684895, 3.8998403076171875, 0.0030385209920107317, 4.343878125, 4.709813468424479, 5.014760807291666, 5.283880419921875, 5.515114095052083]
  最小值: 0.003039
  最大值: 7.079201
  平均值: 5.011683
  中位数: 5.724746

Alpha=1.30:
  信息熵值数量: 21
  信息熵值列表: [1.1899227213541668, 5.508569856770833, 5.697677701822917, 5.8665637613932295, 6.019995182291667, 6.164876546223958, 6.299768318684896, 6.428048323567708, 6.542870808919271, 6.654716235351563, 6.758855647786459, 0.23141495133461462, 6.860226896158854, 3.1713357259114585, 3.7311057454427083, 0.00034657359027997266, 4.167597159830729, 4.517065380859375, 4.818362947591146, 5.079278653971354, 5.303055126953125]
  最小值: 0.000347
  最大值: 6.860227
  平均值: 4.810079
  中位数: 5.508570

Alpha=1.40:
  信息熵值数量: 21
  信息熵值列表: [1.090668680826823, 5.120056705729167, 5.3045416341145835, 5.476410026041667, 5.629243294270833, 5.774511474609375, 5.907299039713542, 6.027536352539062, 6.147137150065104, 6.255878206380208, 6.3660942057291665, 0.07157455112239008, 6.461828702799479, 2.8725386678059897, 3.400438586425781, 0.00013862943611198905, 3.8066832682291665, 4.149219694010417, 4.439785278320312, 4.696994327799479, 4.919524755859375]
  最小值: 0.000139
  最大值: 6.461829
  平均值: 4.472291
  中位数: 5.120057

Alpha=1.50:
  信息熵值数量: 21
  信息熵值列表: [0.9087613962809244, 4.507685367838541, 4.682571549479166, 4.857784041341146, 5.0118270751953125, 5.150214803059896, 5.279237174479166, 5.408283512369792, 5.524786311848958, 5.636720222981771, 5.737532885742188, 0.02620577816553417, 5.841686246744792, 2.3796023966471354, 2.8674436116536457, 0.0001617343421306539, 3.2448350545247395, 3.5676358357747397, 3.852262373860677, 4.089119510904948, 4.304018872070312]
  最小值: 0.000162
  最大值: 5.841686
  平均值: 3.946589
  中位数: 4.507685

Alpha=1.60:
  信息熵值数量: 21
  信息熵值列表: [0.6874436126708985, 3.6825149861653648, 3.8450329182942706, 4.007747806803385, 4.157298726399739, 4.288575569661458, 4.414124324544271, 4.540414217122396, 4.6528032063802085, 4.756720670572917, 4.860210530598958, 0.010219025805729313, 4.963074243164063, 1.769037099202474, 2.161173673502604, 4.620981203732968e-05, 2.4895421264648436, 2.793237316894531, 3.0478009318033856, 3.2658826334635416, 3.4767331095377605]
  最小值: 0.000046
  最大值: 4.963074
  平均值: 3.231887
  中位数: 3.682515

Alpha=1.70:
  信息熵值数量: 21
  信息熵值列表: [0.5012651936848959, 2.7077295491536457, 2.8594921468098957, 3.0059050252278645, 3.1244114908854166, 3.267752897135417, 3.383064676920573, 3.5085669840494793, 3.6165544962565104, 3.7044048299153647, 3.802377140299479, 0.004498249887751304, 3.895435213216146, 1.1716765767415365, 1.4463103108723958, 4.620981203732968e-05, 1.7019684997558593, 1.9347685404459636, 2.1624312255859377, 2.3506409912109376, 2.5255564982096352]
  最小值: 0.000046
  最大值: 3.895435
  平均值: 2.413088
  中位数: 2.707730

Alpha=1.80:
  信息熵值数量: 21
  信息熵值列表: [0.3606625223795573, 1.766861651611328, 1.8957957397460938, 2.007189969889323, 2.117596122233073, 2.242914082845052, 2.327402168782552, 2.4259307169596354, 2.5209484578450523, 2.6166544555664064, 2.6862879964192707, 0.002476151045185685, 2.774187137858073, 0.7512999379475912, 0.9121566324869792, 0.00013862943611198905, 1.076152040608724, 1.222705867513021, 1.372117002360026, 1.5056737650553385, 1.6467509195963541]
  最小值: 0.000139
  最大值: 2.774187
  平均值: 1.630091
  中位数: 1.766862

Alpha=1.90:
  信息熵值数量: 21
  信息熵值列表: [0.2849797147115072, 1.0881617604573568, 1.1649212849934896, 1.2303750915527343, 1.3070743530273436, 1.3884951009114583, 1.4540024820963542, 1.5121503051757812, 1.5820066650390625, 1.652586580403646, 1.712310117594401, 0.0016173434213065387, 1.7806431315104168, 0.5093511586507161, 0.5946334716796875, 4.620981203732968e-05, 0.6851892059326172, 0.7735530680338542, 0.8462595458984375, 0.9286789632161458, 1.0050953684488932]
  最小值: 0.000046
  最大值: 1.780643
  平均值: 1.023911
  中位数: 1.088162

Alpha=2.00:
  信息熵值数量: 21
  信息熵值列表: [0.23276193161010741, 0.6881882822672526, 0.727193755086263, 0.7673858133951823, 0.803718765258789, 0.8440023579915364, 0.8687237284342448, 0.9227033335367839, 0.9528139790852864, 0.9938950948079427, 1.0378416310628256, 0.001132140394914577, 1.0737136199951172, 0.383489382425944, 0.4284145533243815, 4.620981203732968e-05, 0.48031744995117187, 0.5139009501139323, 0.5643465749104818, 0.6067180745442708, 0.6406300994873046]
  最小值: 0.000046
  最大值: 1.073714
  平均值: 0.644378
  中位数: 0.688188

